36005 36005 0 0.831308742779
36005 36047 0 0.0139253192077
36005 36061 0 0.137324841488
36005 36081 0 0.0168530028645
36005 36085 0 0.000588093660308
36047 36005 0 0.00547259323284
36047 36047 0 0.808081574967
36047 36061 0 0.156781853541
36047 36081 0 0.0273170237908
36047 36085 0 0.00234695446838
36061 36005 0 0.017169928509
36061 36047 0 0.0158629711661
36061 36061 0 0.952335222531
36061 36081 0 0.0135975373198
36061 36085 0 0.0010343404738
36081 36005 0 0.00947629695473
36081 36047 0 0.0398960581997
36081 36061 0 0.161716586354
36081 36081 0 0.787935615489
36081 36085 0 0.000975443002712
36085 36005 0 0.00256790941588
36085 36047 0 0.0620376329355
36085 36061 0 0.104581243854
36085 36081 0 0.0114249667064
36085 36085 0 0.819388247089
