36005 36005 0 0.987857111907
36047 36005 0 0.000794499482778
36061 36005 0 0.00455333777029
36081 36005 0 0.00124236269871
36085 36005 0 0.00175773553123
36005 36047 0 0.00264083518093
36047 36047 0 0.989044730203
36061 36047 0 0.00553049739645
36081 36047 0 0.0094362377351
36085 36047 0 0.0153403931011
36005 36061 0 0.00605322875174
36047 36061 0 0.00221194198693
36061 36061 0 0.985390387697
36081 36061 0 0.00212146177395
36085 36061 0 0.00412332738196
36005 36081 0 0.00324925448045
36047 36081 0 0.00742483007371
36061 36081 0 0.00417362394481
36081 36081 0 0.986945754436
36085 36081 0 0.00585519555222
36005 36085 0 0.000199569679937
36047 36085 0 0.000523998253613
36061 36085 0 0.000352153191559
36081 36085 0 0.000254183356524
36085 36085 0 0.972923348433
