36005 36005 0 0.9068309211843041
36047 36005 0 0.007113307738422267
36061 36005 0 0.052242329333441695
36081 36005 0 0.007137927840819145
36085 36005 0 0.0012676350504711319
36005 36047 0 0.009703113068154813
36047 36047 0 0.9211900108797968
36061 36047 0 0.027603708333026174
36081 36047 0 0.06012529223622123
36085 36047 0 0.09354040452207905
36005 36061 0 0.05998763019033061
36047 36061 0 0.015137175610254983
36061 36061 0 0.9094374872951909
36081 36061 0 0.013359716772939878
36085 36061 0 0.0022917149724992238
36005 36081 0 0.022347519659899572
36047 36081 0 0.053489654551685986
36061 36081 0 0.009410532279980639
36081 36081 0 0.9175275733219813
36085 36081 0 0.007341994291114958
36005 36085 0 0.0011308158973108676
36047 36085 0 0.0030698512198397148
36061 36085 0 0.0013059427583605938
36081 36085 0 0.0018494898280384294
36085 36085 0 0.8955582511638357
