34001 275362
34003 919010
34005 451626
34007 513689
34009 96415
34011 157917
34013 786943
34015 289808
34017 653369
34019 126319
34021 368832
34023 823196
34025 629393
34027 497632
34029 580945
34031 504245
34033 65727
34035 328246
34037 147192
34039 544102
34041 107781
36001 306012
36003 48243
36005 1407939
36007 198359
36009 79278
36011 79587
36013 133403
36015 89147
36017 49904
36019 81643
36021 62485
36023 49222
36025 47091
36027 297162
36029 918922
36031 38971
36033 51848
36035 55002
36037 59896
36039 48685
36041 4787
36043 64528
36045 120941
36047 2568435
36049 27222
36051 64939
36053 72342
36055 748057
36057 49916
36059 1348283
36061 1621323
36063 214845
36065 233847
36067 467038
36069 108607
36071 374135
36073 42524
36075 121566
36077 61924
36079 99636
36081 2275889
36083 159677
36085 470811
36087 317702
36089 112303
36091 222327
36093 155055
36095 32087
36097 18518
36099 35436
36101 98964
36103 1497958
36105 76818
36107 50413
36109 102713
36111 181753
36113 65501
36115 63331
36117 92992
36119 961106
36121 41821
36123 25256
